Part_01: 1, 1, 1, 1, 
Part_02: 1, 1, 1, 0, 
Part_03: 1, 1, 0, 1, 1, 
Part_04: 1, 1, 0, 1, 0, 
Part_05: 1, 1, 0, 0, 1, 
Part_06: 1, 1, 0, 0, 0, 
Part_07: 1, 0, 1, 1, 
Part_08: 1, 0, 1, 0, 
Part_09: 1, 0, 0, 1, 
Part_10: 1, 0, 0, 0, 
Part_11: 0, 1, 1, 1, 1, 
Part_12: 0, 1, 1, 1, 0, 
Part_13: 0, 1, 1, 0, 1, 1, 
Part_14: 0, 1, 1, 0, 1, 0, 
Part_15: 0, 1, 1, 0, 0, 
Part_16: 0, 1, 0, 1, 
Part_17: 0, 1, 0, 0, 
Part_18: 0, 0, 1, 1, 1, 
Part_19: 0, 0, 1, 1, 0, 
Part_20: 0, 0, 1, 0, 1, 
Part_21: 0, 0, 1, 0, 0, 
Part_22: 0, 0, 0, 1, 1, 1, 
Part_23: 0, 0, 0, 1, 1, 0, 
Part_24: 0, 0, 0, 1, 0, 1, 2, 
Part_25: 0, 0, 0, 1, 0, 1, 1, 
Part_26: 0, 0, 0, 1, 0, 1, 0, 
Part_27: 0, 0, 0, 1, 0, 0, 
Part_28: 0, 0, 0, 0, 1, 
Part_29: 0, 0, 0, 0, 0, 
